ISS (ZARYA)             
1 25544U 98067A   20032.27814909  .00006838  00000-0  13144-3 0  9998
2 25544  51.6480 305.8711 0003140 212.1605 227.0150 15.49157716210798
NSIGHT                  
1 42726U 98067MF  20032.50545364  .00063377  00000-0  24636-3 0  9990
2 42726  51.6289 213.3533 0002469 309.3819  50.6966 15.86513499153774
KESTREL EYE IIM (KE2M)  
1 42982U 98067NE  20032.00069496  .00009627  00000-0  95104-4 0  9993
2 42982  51.6349 261.3435 0002897 279.9478  80.1191 15.66649847129504
ASTERIA                 
1 43020U 98067NH  20032.25168045  .00045218  00000-0  18343-3 0  9999
2 43020  51.6388 227.0832 0001868 268.9058  91.1732 15.85776699125753
DELLINGR (RBLE)         
1 43021U 98067NJ  20032.10992651  .00011617  00000-0  11126-3 0  9990
2 43021  51.6357 259.8834 0001468 224.7567 135.3310 15.67182529125303
1KUNS-PF                
1 43466U 98067NP  20032.30496625  .00043932  00000-0  25038-3 0  9997
2 43466  51.6316 250.5170 0001228 193.1575 166.9394 15.78474421 98706
UBAKUSAT                
1 43467U 98067NQ  20032.36841911  .00017350  00000-0  15207-3 0  9998
2 43467  51.6337 263.7933 0001875 188.1194 171.9773 15.68971368 98542
BATSU-CS1 (IRAZU)       
1 43468U 98067NR  20032.28072775  .00164701  21552-4  44487-3 0  9998
2 43468  51.6297 236.6620 0003677 224.7321 135.3391 15.93963809198877
CUBERRT                 
1 43546U 98067NU  20031.93233064  .00011093  00000-0  98517-4 0  9996
2 43546  51.6351 264.6384 0002820 277.2757  82.7920 15.69115194 88621
TEMPEST-D               
1 43547U 98067NV  20032.39595358  .00004874  00000-0  64229-4 0  9997
2 43547  51.6371 282.7970 0004392 255.7801 104.2705 15.60476494 88101
RAINCUBE                
1 43548U 98067NW  20031.66384069  .00023166  00000-0  21183-3 0  9998
2 43548  51.6340 274.0764 0003569 266.0758  93.9830 15.67706079 88604
HALOSAT                 
1 43549U 98067NX  20031.94020748  .00019934  00000-0  18421-3 0  9990
2 43549  51.6358 272.9641 0003499 269.4281  90.6314 15.67551723 88206
RADIX                   
1 43550U 98067NY  20031.98343972  .00076683  00000-0  33456-3 0  9992
2 43550  51.6311 252.7468 0002187 247.1777 112.8995 15.84039330 88932
ENDUROSAT ONE           
1 43551U 98067NZ  20031.94572328  .00026754  00000-0  21263-3 0  9995
2 43551  51.6336 266.9615 0003372 279.5503  80.5114 15.71031520 88690
EQUISAT                 
1 43552U 98067PA  20031.95653001  .00019092  00000-0  17434-3 0  9997
2 43552  51.6362 271.6134 0004020 279.4267  80.6275 15.67878540 88590
1998-067PB              
1 43553U 98067PB  20031.94380956  .00013995  00000-0  14385-3 0  9991
2 43553  51.6398 276.1205 0004502 277.0994  82.9490 15.65190137 88585
1998-067PC              
1 43554U 98067PC  20032.03575284  .00028610  00000-0  21906-3 0  9990
2 43554  51.6335 265.3063 0003351 278.1371  81.9247 15.71882120 88262
AEROCUBE 12A            
1 43556U 18046C   20032.42993388  .00001918  00000-0  78833-4 0  9997
2 43556  51.6429  43.7272 0008410 162.1380 197.9897 15.29354212 86403
AEROCUBE 12B            
1 43557U 18046D   20031.74932676  .00000396  00000-0  26341-4 0  9991
2 43557  51.6432  47.4260 0008479 158.9490 201.1841 15.29139115 86248
LEMUR-2-VU              
1 43558U 18046E   20032.42830988  .00003622  00000-0  13375-3 0  9998
2 43558  51.6417  41.5271 0007674 165.2688 194.8518 15.30334448 86422
LEMUR-2-ALEXANDER       
1 43559U 18046F   20031.75175873  .00002696  00000-0  10231-3 0  9997
2 43559  51.6424  44.5193 0007586 162.4937 197.6307 15.30457497 86107
LEMUR-2-YUASA           
1 43560U 18046G   20032.44077309  .00002906  00000-0  11007-3 0  9997
2 43560  51.6413  41.6032 0007914 178.3970 181.7038 15.30231326 86426
LEMUR-2-TOMHENDERSON    
1 43561U 18046H   20032.44360800  .00002115  00000-0  83523-4 0  9994
2 43561  51.6414  41.6231 0007950 177.8472 182.2544 15.30202942 85980
SIRIUSSAT-1             
1 43595U 98067PG  20031.80935005  .00023278  00000-0  21393-3 0  9995
2 43595  51.6336 275.0233 0002222 230.1659 129.9142 15.67581090 83380
SIRIUSSAT-2             
1 43596U 98067PH  20032.37247330  .00017368  00000-0  16158-3 0  9992
2 43596  51.6344 272.8453 0002663 234.9727 125.1020 15.67497593 83462
TANUSHA-3               
1 43597U 98067PJ  20031.93555858  .00034617  00000-0  26526-3 0  9997
2 43597  51.6315 269.0454 0001962 239.2116 120.8689 15.71763285 83474
1998-067PK              
1 43598U 98067PK  20031.95257438  .00034959  00000-0  26198-3 0  9997
2 43598  51.6327 268.4467 0002084 236.4161 123.6638 15.72287344 83484
1998-067PN              
1 43638U 98067PN  20032.41882407  .00008637  00000-0  10558-3 0  9991
2 43638  51.6366 283.6896 0002020 216.8143 143.2713 15.61310368 75247
1998-067PP              
1 43639U 98067PP  20031.95690947  .00015052  00000-0  16011-3 0  9995
2 43639  51.6368 281.3705 0003943 225.7570 134.3101 15.64245723 75249
STARS-ME                
1 43640U 98067PQ  20032.12180210  .00010297  00000-0  11955-3 0  9992
2 43640  51.6357 283.1850 0004318 222.1702 137.8960 15.62410199 75234
ISS DEB (SEDA-AP)       
1 43870U 98067PU  20031.77819527  .00003296  00000-0  51965-4 0  9994
2 43870  51.6427 295.9355 0003432 245.7321 114.3346 15.56758425 63204
CATSAT-2                
1 44029U 98067PV  20032.43648394  .00013096  00000-0  15813-3 0  9997
2 44029  51.6384 288.3557 0003357 283.2131  76.8488 15.61099963 57095
DELPHINI                
1 44030U 98067PW  20031.75198418  .00017457  00000-0  20496-3 0  9998
2 44030  51.6357 291.2265 0003095 273.1771  86.8868 15.61566325 56962
UNITE                   
1 44031U 98067PX  20032.41847358  .00008089  00000-0  10910-3 0  9998
2 44031  51.6375 291.2088 0002313 274.0406  86.0323 15.58790531 57023
TECHEDSAT 8             
1 44032U 98067PY  20032.30016221  .00067714  00000-0  42217-3 0  9999
2 44032  51.6303 274.5704 0002165 217.5331 142.5519 15.76268135 57214
CATSAT-1                
1 44033U 98067PZ  20031.73216657  .00019024  00000-0  22687-3 0  9991
2 44033  51.6388 291.9055 0003194 279.2554  80.8078 15.61090977 56893
ISS DEB                 
1 44303U 98067QA  20031.76841714  .00004384  00000-0  75888-4 0  9997
2 44303  51.6418 304.9145 0005872 169.8208 190.2902 15.53194408 38355
ISS DEB                 
1 44304U 98067QB  20032.46127378  .00014170  00000-0  19924-3 0  9991
2 44304  51.6399 298.2974 0006093 154.5920 205.5373 15.56946142 38510
ISS DEB                 
1 44305U 98067QC  20032.46362709  .00016290  00000-0  21670-3 0  9997
2 44305  51.6370 296.7362 0004133 202.9843 157.0965 15.58320159 38535
ISS DEB                 
1 44306U 98067QD  20031.78820600  .00004720  00000-0  81342-4 0  9999
2 44306  51.6406 305.0143 0007278 167.6548 192.4621 15.53113927 38360
RAAVANA-1               
1 44329U 98067QE  20032.44534277  .00008449  00000-0  12944-3 0  9993
2 44329  51.6400 299.6668 0006350 203.0051 157.0656 15.55232215 35662
UGUISU                  
1 44330U 98067QF  20032.45185140  .00008329  00000-0  12798-3 0  9991
2 44330  51.6399 299.7084 0006337 201.8843 158.1878 15.55174818 35644
NEPALISAT-1             
1 44331U 98067QG  20032.11905121  .00009306  00000-0  14170-3 0  9996
2 44331  51.6399 301.2377 0006385 203.2652 156.8051 15.55258141 35602
SPOOQY-1                
1 44332U 98067QH  20031.73130633  .00010073  00000-0  15301-3 0  9992
2 44332  51.6399 303.1452 0005206 202.8460 157.2301 15.55223187 35505
PINOT                   
1 44364U 98067QJ  20031.87414338  .00004440  00000-0  77380-4 0  9996
2 44364  51.6481 304.8455 0007575 169.3077 190.8075 15.52958973 33958
IOD-1 GEMS              
1 44385U 98067QK  20032.43871551  .00012605  00000-0  18356-3 0  9995
2 44385  51.6408 299.6497 0003415 162.5450 197.5660 15.56120932 33129
SWIATOWID               
1 44426U 98067QL  20032.46718319  .00015617  00000-0  22377-3 0  9990
2 44426  51.6435 299.4734 0004438 154.5103  16.7913 15.56350692 33142
KRAKSAT                 
1 44427U 98067QM  20032.44557530  .00006307  00000-0  10300-3 0  9994
2 44427  51.6414 301.1883 0004120 155.8073 204.3112 15.53974754 33160
VCC A                   
1 44428U 98067QN  20032.00214308  .00009179  00000-0  14271-3 0  9991
2 44428  51.6412 302.7302 0003209 169.2167 190.8893 15.54710495 33102
ENTRYSAT                
1 44429U 98067QP  20031.45781563  .00011652  00000-0  17616-3 0  9997
2 44429  51.6403 305.0865 0003196 158.2676 201.8452 15.55179145 33028
VCC C                   
1 44430U 98067QQ  20031.76107013  .00015898  00000-0  23357-3 0  9990
2 44430  51.6406 303.3675 0003215 168.3503 191.7563 15.55653960 31903
VCC B                   
1 44431U 98067QR  20031.74677714  .00010696  00000-0  16506-3 0  9998
2 44431  51.6410 304.0199 0003365 168.4617 191.6452 15.54713677 33001
SOYUZ-MS 13             
1 44437U 19041A   20031.52143683  .00001291  00000-0  31497-4 0  9996
2 44437  51.6457 309.6218 0005423 212.3300 323.8570 15.49122711210673
SOYUZ-MS 15             
1 44550U 19064A   20031.52143683  .00001291  00000-0  31497-4 0  9997
2 44550  51.6457 309.6218 0005423 212.3300 323.8570 15.49122711210679
CYGNUS NG-12            
1 44701U 19071A   20031.76433816 -.00543441  00000-0 -10743-1 0  9997
2 44701  51.6346 308.4653 0005759 240.6813 210.5957 15.48477952 13984
ISS DEB                 
1 44788U 98067QT  20032.13511406  .00012380  00000-0  20998-3 0  9994
2 44788  51.6432 305.8425 0005672 189.3165 170.7926 15.51897442 12049
ISS DEB                 
1 44789U 98067QU  20031.49783437  .00010980  00000-0  18855-3 0  9991
2 44789  51.6478 309.0937 0006703 196.9452 163.1323 15.51678818 11931
RWASAT-1                
1 44790U 98067QV  20032.09753270 -.00000467  00000-0  00000+0 0  9991
2 44790  51.6428 306.0665 0006916 228.7136 264.9351 15.51368240 11297
AQT-D                   
1 44791U 98067QW  20032.46834812  .00004891  00000-0  90108-4 0  9992
2 44791  51.6417 304.3213 0003118 190.3087 169.7839 15.51108511 11359
NARSSCUBE-1             
1 44792U 98067QV  20032.46522578  .00007190  00000-0  12723-3 0  9997
2 44792  51.6416 304.2997 0005398 215.1558 144.9076 15.51450991 11358
DRAGON CRS-19           
1 44821U 19083A   20006.55702477  .00001059  00000-0  26955-4 0  9991
2 44821  51.6453  73.1830 0005159 105.4393  49.5527 15.49542542  4942
PROGRESS-MS 13          
1 44833U 19085A   20031.52143683  .00001291  00000-0  31497-4 0  9994
2 44833  51.6457 309.6218 0005423 212.3300 323.8570 15.49122711210673
